2/d simple shear, hypoelastic material based on ZJ stress rate, mid-point Eul prescribed displ. 19-10-2023
         8    0    1
    0        10       0.0           1.0            0.05           0.00           0.00
    1    5    1   15    4    1.0E-3    1.0E-3    1.0E-3
         1    1    1                 0.5                  0.
         2    0    0                 0.3                 0.3
         3    1    1                 0.0                 0.5
         4    0    0                 0.3                 0.8
         5    1    1                 0.5                  1.
         6    0    0                 0.8                 0.8
         7    1    1                  1.                 0.5
         8    0    0                 0.8                 0.3
    3    3
    1    1
                  1.                 0.0
    2    1
                  1.                 0.0
    3    1
                  1.                 0.0
         0
         2         0
         2    1    1      10.0
         4    1    1      10.0
0
    2         1    4    1    4    2    2   41    1    1
    1      1.d0
   3370000      0.45
         1         1
         4         2         1         3

