2/d simple shear, hypoelastic material based on ZJ stress rate, mid-point Eul prescribed displ. 19-10-2023
        10    0    1
    0        20       0.0           1.0            0.05           0.00           0.00
    1    5    1   15    4    1.0E-3    1.0E-3    1.0E-3
         1    1    1                 0.4                 0.0
         2    0    1                 0.2                 0.2
         3    1    1                 0.3                 0.4
         4    0    1                 0.1                 0.6
         5    1    1                0.45                 0.8
         6    0    1                 0.5                 1.0
         7    1    1                0.55                 0.8
         8    0    1                 0.9                 1.6
         9    1    1                 0.7                 0.4
        10    0    1                 0.8                 1.2
    1    1
    1    1
                  1.                 0.0
         0
         2         0
         2    1    1      10.0
         4    1    1      10.0
0
    2         1    4    1    4    2    2   41    1    1
    1      1.d0
   3370000      0.45
         1         1
         4         2         1         3

