2/d simple shear, hypoelastic material based on ZJ stress rate, mid-point Eul prescribed displ. 19-10-2023
        20    0    1
    0         3       0.0           1.0            0.05           0.00           0.00
    1    5    1   15    4    1.0E-3    1.0E-3    1.0E-3
         1    1    1                  0.                 0.0
         2    0    1                  0.                 1.0
         3    1    1                 1.0                 0.0
         4    0    1                 1.0                 1.0
         5    1    1                  0.                 0.0
         6    0    1                  0.                 1.0
         7    1    1                 1.0                 0.0
         8    0    1                 1.0                 1.0
         9    1    1                  0.                 0.0
        10    0    1                  0.                 1.0
        11    1    1                 1.0                 0.0
        12    0    1                 1.0                 1.0
        13    1    1                  0.                 0.0
        14    0    1                  0.                 1.0
        15    1    1                 1.0                 0.0
        16    0    1                 1.0                 1.0
        17    1    1                  0.                 0.0
        18    0    1                  0.                 1.0
        19    1    1                 1.0                 0.0
        20    0    1                 1.0                 1.0
   10    1
    1    1
                  1.                 0.0
    2    1
                  1.                 0.0
    3    1
                  1.                 0.0
    4    1
                  1.                 0.0
    5    1
                  1.                 0.0
    6    1
                  1.                 0.0
    7    1
                  1.                 0.0
    8    1
                  1.                 0.0
    9    1
                  1.                 0.0
   10    1
                  1.                 0.0
         0
         2         0
         2    1    1      10.0
         4    1    1      10.0
0
    2         1    4    1    4    2    2   41    1    1
    1      1.d0
   3370000      0.45
         1         1
         4         2         1         3

